c        
c     In this run, the singular values are:
c        
c  0.76880E+02  0.47016E+02  0.36358E+02  0.30555E+02  0.26892E+02  0.24297E+02
c  0.22330E+02  0.20771E+02  0.19497E+02  0.18430E+02  0.17517E+02  0.16719E+02
c  0.15971E+02  0.15253E+02  0.14496E+02  0.13783E+02  0.13011E+02  0.12330E+02
c  0.11524E+02  0.10839E+02  0.32968E+01  0.18680E+01  0.78064E+00  0.40318E+00
c  0.21739E+00  0.12326E+00  0.73711E-01  0.45315E-01  0.28484E-01  0.18409E-01
c  0.12130E-01  0.81473E-02  0.55599E-02  0.38515E-02  0.27031E-02  0.19201E-02
c  0.13782E-02  0.99889E-03  0.73025E-03  0.53814E-03  0.39943E-03  0.29845E-03
c  0.22435E-03  0.16958E-03  0.12884E-03  0.98351E-04  0.75403E-04  0.58044E-04
c  0.44853E-04  0.34786E-04  0.27075E-04  0.21148E-04  0.16581E-04  0.13053E-04
c  0.10323E-04  0.82038E-05  0.65501E-05  0.52457E-05  0.42027E-05  0.33603E-05
c  0.26789E-05  0.21298E-05  0.16896E-05  0.13382E-05  0.10587E-05  0.83677E-06
c  0.66095E-06  0.52180E-06  0.41176E-06  0.32481E-06  0.25616E-06  0.20197E-06
c  0.15922E-06  0.12553E-06  0.98982E-07  0.78094E-07  0.61705E-07  0.48944E-07
c  0.39353E-07  0.33032E-07  0.28029E-07  0.22683E-07  0.18016E-07  0.14232E-07
c  0.11220E-07  0.88366E-08  0.69549E-08  0.54719E-08  0.43035E-08  0.33838E-08
c  0.26599E-08  0.20909E-08  0.16433E-08  0.12926E-08  0.10178E-08  0.80617E-09
c  0.66671E-09  0.58872E-09  0.47764E-09  0.37749E-09  0.29711E-09  0.23182E-09
c  0.18048E-09  0.14109E-09  0.11174E-09  0.89106E-10  0.69204E-10  0.38430E-10
